24							      |	19
Caffeine						      |	SheetofBN 
H      -3.3804130    -1.1272367     0.5733036		      |	B      4.255584     0.000000    1.791647
N       0.9668296    -1.0737425    -0.8198227		      |	B      4.255584     2.551112    1.791647
C       0.0567293     0.8527195     0.3923156		      |	B      0.834101     1.275556    1.791647
N      -1.3751742    -1.0212243    -0.0570552		      |	N      3.467874     1.275556    1.791864
C      -1.2615018     0.2590713     0.5234135		      |	N      2.180728     1.275556    1.789015
C      -0.3068337    -1.6836331    -0.7169344		      |	N      0.046388     0.000000    1.791864
C       1.1394235     0.1874122    -0.2700900		      |	N      0.046388     2.551112    1.791864
N       0.5602627     2.0839095     0.8251589		      |	N     -1.240758     0.000000    1.789015
O      -0.4926797    -2.8180554    -1.2094732		      |	N     -1.240758     2.551112    1.789015
C      -2.6328073    -1.7303959    -0.0060953		      |	N      3.467874    -1.275556    1.791864
O      -2.2301338     0.7988624     1.0899730		      |	N      5.602214     0.000000    1.789015
H       2.5496990     2.9734977     0.6229590		      |	N      3.467874     3.826668    1.791864
C       2.0527432    -1.7360887    -1.4931279		      |	N      5.602214     2.551112    1.789015
H      -2.4807715    -2.7269528     0.4882631		      |	B      0.834101    -1.275556    1.791647
H      -3.0089039    -1.9025254    -1.0498023		      |	B      0.834101     3.826668    1.791647
H       2.9176101    -1.8481516    -0.7857866		      |	B     -2.587388     0.000000    1.791647
H       2.3787863    -1.1211917    -2.3743655		      |	B     -2.587388     2.551112    1.791647
H       1.7189877    -2.7489920    -1.8439205		      |	N      2.180728    -1.275556    1.789015
C      -0.1518450     3.0970046     1.5348347		      |	N      2.180728     3.826668    1.789015
C       1.8934096     2.1181245     0.4193193		      <
N       2.2861252     0.9968439    -0.2440298		      <
H      -0.1687028     4.0436553     0.9301094		      <
H       0.3535322     3.2979060     2.5177747		      <
H      -1.2074498     2.7537592     1.7203047		      <
